MEME version 4

ALPHABET= ACGT

strands: + -

Background letter frequencies (from uniform background):
A 0.25000 C 0.25000 G 0.25000 T 0.25000 

MOTIF JASPAR8	HAND1::TCF3 

letter-probability matrix: alength= 4 w= 10 nsites= 29 E= 0
  0.137931	  0.275862	  0.344828	  0.241379	
  0.344828	  0.000000	  0.517241	  0.137931	
  0.068966	  0.068966	  0.034483	  0.827586	
  0.000000	  0.965517	  0.000000	  0.034483	
  0.000000	  0.000000	  0.000000	  1.000000	
  0.000000	  0.000000	  1.000000	  0.000000	
  0.000000	  0.103448	  0.862069	  0.034483	
  0.310345	  0.482759	  0.034483	  0.172414	
  0.551724	  0.000000	  0.103448	  0.344828	
  0.172414	  0.137931	  0.137931	  0.551724	

MOTIF JASPAR1	AHR::ARNT 

letter-probability matrix: alength= 4 w= 6 nsites= 24 E= 0
  0.125000	  0.333333	  0.083333	  0.458333	
  0.000000	  0.000000	  0.958333	  0.041667	
  0.000000	  0.958333	  0.000000	  0.041667	
  0.000000	  0.000000	  0.958333	  0.041667	
  0.000000	  0.000000	  0.000000	  1.000000	
  0.000000	  0.000000	  1.000000	  0.000000	

MOTIF JASPAR512	ARNT 

letter-probability matrix: alength= 4 w= 6 nsites= 20 E= 0
  0.200000	  0.800000	  0.000000	  0.000000	
  0.950000	  0.000000	  0.050000	  0.000000	
  0.000000	  1.000000	  0.000000	  0.000000	
  0.000000	  0.000000	  1.000000	  0.000000	
  0.000000	  0.000000	  0.000000	  1.000000	
  0.000000	  0.000000	  1.000000	  0.000000	

MOTIF JASPAR27	LEF1 

letter-probability matrix: alength= 4 w= 15 nsites= 958 E= 0
  0.549863	  0.127173	  0.196706	  0.126258	
  0.688749	  0.027340	  0.217666	  0.066246	
  0.926862	  0.009309	  0.045213	  0.018617	
  0.003837	  0.185725	  0.808135	  0.002302	
  0.973538	  0.000000	  0.005571	  0.020891	
  0.009890	  0.003297	  0.000000	  0.986813	
  0.013958	  0.932203	  0.048853	  0.004985	
  0.994406	  0.000000	  0.000000	  0.005594	
  0.994390	  0.000000	  0.005610	  0.000000	
  0.976680	  0.000000	  0.017833	  0.005487	
  0.029333	  0.021333	  0.949333	  0.000000	
  0.145280	  0.135693	  0.627581	  0.091445	
  0.267997	  0.142238	  0.484822	  0.104944	
  0.412360	  0.070787	  0.098876	  0.417978	
  0.381250	  0.098958	  0.080208	  0.439583	

MOTIF JASPAR7	TAL1::TCF3 

letter-probability matrix: alength= 4 w= 12 nsites= 44 E= 0
  0.295455	  0.318182	  0.181818	  0.204545	
  0.204545	  0.227273	  0.454545	  0.113636	
  0.886364	  0.000000	  0.068182	  0.045455	
  0.454545	  0.545455	  0.000000	  0.000000	
  0.000000	  0.977273	  0.022727	  0.000000	
  1.000000	  0.000000	  0.000000	  0.000000	
  0.000000	  0.022727	  0.250000	  0.727273	
  0.272727	  0.727273	  0.000000	  0.000000	
  0.000000	  0.000000	  0.000000	  1.000000	
  0.000000	  0.000000	  0.977273	  0.022727	
  0.000000	  0.068182	  0.454545	  0.477273	
  0.090909	  0.090909	  0.045455	  0.772727	

